OpenGL version: 3.3.0 NVIDIA 304.88
GLSL version: 3.30 NVIDIA via Cg compiler
Vendor: NVIDIA Corporation
Renderer: GeForce GTS 350M/PCIe/SSE2
numIndices: 2166
Forward: 0, 0, -1
Forward: 0, 0, -1
Forward: 0, 0, -1
Forward: 0, 0, -1
Forward: 0, 0, -1
Forward: 0, 0, -1
Forward: 0, 0, -1
Forward: 0, 0, -1
Forward: 0, 0, -1
Forward: 0, 0, -1
Forward: 0, 0, -1
Forward: 0, 0, -1
Forward: 0, 0, -1
Forward: 0, 0, -1
Forward: 0, 0, -1
Forward: 0, 0, -1
Forward: 0, 0, -1
Forward: 0, 0, -1
Forward: 0, 0, -1
Forward: 0, 0, -1
Forward: 0, 0, -1
Forward: 0, 0, -1
Forward: 0, 0, -1
Forward: 0, 0, -1
Forward: 0, 0, -1
Forward: 0, 0, -1
Forward: 0, 0, -1
Forward: 0, 0, -1
Forward: 0, 0, -1
Forward: 0, 0, -1
Forward: 0, 0, -1
Forward: 0, 0, -1
Forward: 0, 0, -1
Forward: 0, 0, -1
Forward: 0, 0, -1
Forward: 0, 0, -1
Forward: 0, 0, -1
Forward: 0, 0, -1
Forward: 0, 0, -1
Forward: 0, 0, -1
Forward: 0, 0, -1
Forward: 0, 0, -1
Forward: 0, 0, -1
Forward: 0, 0, -1
Forward: 0, 0, -1
Forward: 0, 0, -1
Forward: 0, 0, -1
Forward: 0, 0, -1
Forward: 0, 0, -1
Forward: 0, 0, -1
Forward: 0, 0, -1
Forward: 0, 0, -1
Forward: 0, 0, -1
Forward: 0, 0, -1
Forward: 0, 0, -1
Forward: 0, 0, -1
Forward: 0, 0, -1
Forward: 0, 0, -1
Forward: 0, 0, -1
Forward: 0, 0, -1
Forward: 0, 0, -1
Forward: 0, 0, -1
Forward: 0, 0, -1
Forward: 0, 0, -1
Forward: 0, 0, -1
Forward: 0, 0, -1
Forward: 0, 0, -1
Forward: 0, 0, -1
Forward: 0, 0, -1
Forward: 0, 0, -1
Forward: 0, 0, -1
Forward: 0.052328, -0.0174524, -0.998477
Forward: 0.104513, -0.0174524, -0.99437
Forward: 0.156411, -0.0174524, -0.987538
Forward: 0.207785, -0.0348995, -0.977552
Forward: 0.258189, -0.0697565, -0.963573
Forward: 0.323785, -0.104528, -0.940339
Forward: 0.401729, -0.156434, -0.902298
Forward: 0.445649, -0.190809, -0.874636
Forward: 0.472384, -0.224951, -0.852203
Forward: 0.497489, -0.258819, -0.82796
Forward: 0.506764, -0.292372, -0.810992
Forward: 0.503983, -0.309017, -0.806542
Forward: 0.501049, -0.325568, -0.801845
Forward: 0.497961, -0.34202, -0.796905
Forward: 0.497961, -0.34202, -0.796905
Forward: 0.508464, -0.358368, -0.782966
Forward: 0.522052, -0.358368, -0.773973
Forward: 0.548745, -0.358368, -0.755282
Forward: 0.57477, -0.358368, -0.735671
Forward: 0.600094, -0.358368, -0.715164
Forward: 0.620407, -0.374607, -0.689032
Forward: 0.645974, -0.406737, -0.645974
Forward: 0.667934, -0.438371, -0.601411
Forward: 0.702123, -0.45399, -0.548558
Forward: 0.771634, -0.453991, -0.445503
Forward: 0.842463, -0.453991, -0.290083
Forward: 0.897488, -0.422618, -0.126134
Forward: 0.912293, -0.406737, 0.0478113
Forward: 0.903593, -0.390731, 0.175641
Forward: 0.88667, -0.374607, 0.271082
Forward: 0.877279, -0.358368, 0.319303
Forward: 0.87667, -0.325568, 0.354198
Forward: 0.878156, -0.275637, 0.39098
Forward: 0.886409, -0.241922, 0.394655
Forward: 0.886409, -0.241922, 0.394655
Forward: 0.886409, -0.241922, 0.394655
Forward: 0.886409, -0.241922, 0.394655
Forward: 0.886409, -0.241922, 0.394655
Forward: 0.886409, -0.241922, 0.394655
Forward: 0.886409, -0.241922, 0.394655
Forward: 0.886409, -0.241922, 0.394655
Forward: 0.886409, -0.241922, 0.394655
Forward: 0.886409, -0.241922, 0.394655
Forward: 0.886409, -0.241922, 0.394655
Forward: 0.886409, -0.241922, 0.394655
Forward: 0.886409, -0.241922, 0.394655
Forward: 0.886409, -0.241922, 0.394655
Forward: 0.899643, -0.241922, 0.363479
Forward: 0.915608, -0.224951, 0.333254
Forward: 0.915608, -0.224951, 0.333254
Forward: 0.90342, -0.224951, 0.365005
Forward: 0.890131, -0.224951, 0.396312
Forward: 0.875758, -0.224951, 0.427136
Forward: 0.860318, -0.224951, 0.457439
Forward: 0.835198, -0.224951, 0.501838
Forward: 0.788282, -0.224951, 0.57272
Forward: 0.724098, -0.224951, 0.651981
Forward: 0.651981, -0.224951, 0.724098
Forward: 0.57272, -0.224951, 0.788282
Forward: 0.516338, -0.224951, 0.826313
Forward: 0.487185, -0.224951, 0.843829
Forward: 0.472384, -0.224951, 0.852203
Forward: 0.472384, -0.224951, 0.852203
Forward: 0.472384, -0.224951, 0.852203
Forward: 0.472384, -0.224951, 0.852203
Forward: 0.472384, -0.224951, 0.852203
Forward: 0.472384, -0.224951, 0.852203
Forward: 0.472384, -0.224951, 0.852203
Forward: 0.472384, -0.224951, 0.852203
Forward: 0.472384, -0.224951, 0.852203
Forward: 0.472384, -0.224951, 0.852203
Forward: 0.472384, -0.224951, 0.852203
Forward: 0.472384, -0.224951, 0.852203
Forward: 0.472384, -0.224951, 0.852203
Forward: 0.472384, -0.224951, 0.852203
Forward: 0.472384, -0.224951, 0.852203
Forward: 0.472384, -0.224951, 0.852203
Forward: 0.472384, -0.224951, 0.852203
Forward: 0.472384, -0.224951, 0.852203
Forward: 0.472384, -0.224951, 0.852203
Forward: 0.472384, -0.224951, 0.852203
Forward: 0.472384, -0.224951, 0.852203
Forward: 0.472384, -0.224951, 0.852203
Forward: 0.472384, -0.224951, 0.852203
Forward: 0.472384, -0.224951, 0.852203
Forward: 0.457439, -0.224951, 0.860318
Forward: 0.410065, -0.241922, 0.879387
Forward: 0.361842, -0.258819, 0.895591
Forward: 0.311342, -0.292372, 0.904204
Forward: 0.244718, -0.325568, 0.913301
Forward: 0.146044, -0.358368, 0.922087
Forward: 0.0485251, -0.374607, 0.925913
Forward: -0.0485251, -0.374607, 0.925913
Forward: -0.145043, -0.374607, 0.915769
Forward: -0.239973, -0.374607, 0.895591
Forward: -0.347329, -0.374607, 0.85967
Forward: -0.391845, -0.374607, 0.840314
Forward: -0.435286, -0.374607, 0.818655
Forward: -0.463592, -0.374607, 0.802965
Forward: -0.504981, -0.374607, 0.777602
Forward: -0.531811, -0.374607, 0.759505
Forward: -0.557993, -0.374607, 0.740482
Forward: -0.583496, -0.374607, 0.720557
Forward: -0.595982, -0.374607, 0.710264
Forward: -0.608287, -0.374607, 0.699754
Forward: -0.608287, -0.374607, 0.699754
Forward: -0.620407, -0.374607, 0.689032
Forward: -0.620407, -0.374607, 0.689032
Forward: -0.640869, -0.34202, 0.687248
Forward: -0.644842, -0.325568, 0.691509
Forward: -0.636381, -0.309017, 0.706773
Forward: -0.636381, -0.309017, 0.706773
Forward: -0.636381, -0.309017, 0.706773
Forward: -0.636381, -0.309017, 0.706773
Forward: -0.636381, -0.309017, 0.706773
Forward: -0.636381, -0.309017, 0.706773
Forward: -0.636381, -0.309017, 0.706773
Forward: -0.636381, -0.309017, 0.706773
Forward: -0.636381, -0.309017, 0.706773
Forward: -0.636381, -0.309017, 0.706773
Forward: -0.636381, -0.309017, 0.706773
Forward: -0.636381, -0.309017, 0.706773
Forward: -0.636381, -0.309017, 0.706773
Forward: -0.636381, -0.309017, 0.706773
Forward: -0.636381, -0.309017, 0.706773
Forward: -0.636381, -0.309017, 0.706773
Forward: -0.636381, -0.309017, 0.706773
Forward: -0.636381, -0.309017, 0.706773
Forward: -0.636381, -0.309017, 0.706773
Forward: -0.636381, -0.309017, 0.706773
Forward: -0.648619, -0.309017, 0.695559
Forward: -0.648619, -0.309017, 0.695559
Forward: -0.648619, -0.309017, 0.695559
Forward: -0.648619, -0.309017, 0.695559
Forward: -0.648619, -0.309017, 0.695559
Forward: -0.648619, -0.309017, 0.695559
Forward: -0.648619, -0.309017, 0.695559
Forward: -0.648619, -0.309017, 0.695559
Forward: -0.648619, -0.309017, 0.695559
Forward: -0.648619, -0.309017, 0.695559
Forward: -0.648619, -0.309017, 0.695559
Forward: -0.648619, -0.309017, 0.695559
Forward: -0.648619, -0.309017, 0.695559
Forward: -0.648619, -0.309017, 0.695559
Forward: -0.648619, -0.309017, 0.695559
Forward: -0.648619, -0.309017, 0.695559
Forward: -0.648619, -0.309017, 0.695559
Forward: -0.648619, -0.309017, 0.695559
Forward: -0.648619, -0.309017, 0.695559
Forward: -0.648619, -0.309017, 0.695559
Forward: -0.648619, -0.309017, 0.695559
Forward: -0.648619, -0.309017, 0.695559
Forward: -0.648619, -0.309017, 0.695559
Forward: -0.648619, -0.309017, 0.695559
Forward: -0.648619, -0.309017, 0.695559
Forward: -0.648619, -0.309017, 0.695559
Forward: -0.648619, -0.309017, 0.695559
Forward: -0.648619, -0.309017, 0.695559
Forward: -0.648619, -0.309017, 0.695559
Forward: -0.648619, -0.309017, 0.695559
Forward: -0.648619, -0.309017, 0.695559
Forward: -0.648619, -0.309017, 0.695559
Forward: -0.648619, -0.309017, 0.695559
Forward: -0.648619, -0.309017, 0.695559
Forward: -0.648619, -0.309017, 0.695559
Forward: -0.648619, -0.309017, 0.695559
Forward: -0.648619, -0.309017, 0.695559
Forward: -0.648619, -0.309017, 0.695559
Forward: -0.648619, -0.309017, 0.695559
Forward: -0.648619, -0.309017, 0.695559
Forward: -0.648619, -0.309017, 0.695559
Forward: -0.648619, -0.309017, 0.695559
Forward: -0.648619, -0.309017, 0.695559
Forward: -0.648619, -0.309017, 0.695559
Forward: -0.648619, -0.309017, 0.695559
Forward: -0.648619, -0.309017, 0.695559
Right: -0.731354, 0, -0.681998
Forward: -0.648619, -0.309017, 0.695559
Right: -0.731354, 0, -0.681998
Forward: -0.648619, -0.309017, 0.695559
Right: -0.731354, 0, -0.681998
Forward: -0.672499, -0.309017, 0.672499
Right: -0.707107, -1.49012e-08, -0.707107
Forward: -0.706773, -0.309017, 0.636381
Right: -0.669131, 0, -0.743145
Forward: -0.759547, -0.309017, 0.57236
Right: -0.601815, -1.49012e-08, -0.798635
Forward: -0.815214, -0.309017, 0.489831
Right: -0.515038, 0, -0.857167
Forward: -0.86195, -0.309017, 0.401934
Right: -0.422618, 0, -0.906308
Forward: -0.904509, -0.309017, 0.293893
Right: -0.309017, 0, -0.951057
Forward: -0.930274, -0.309017, 0.197736
Right: -0.207912, -3.72529e-09, -0.978148
Forward: -0.945847, -0.309017, 0.0994124
Right: -0.104528, 1.86265e-09, -0.994522
Forward: -0.950912, -0.309017, 0.0165981
Right: -0.0174523, 0, -0.999848
Forward: -0.950912, -0.309017, -0.0165981
Right: 0.0174523, 4.65661e-10, -0.999848
Forward: -0.950912, -0.309017, -0.0165981
Right: 0.0174523, 4.65661e-10, -0.999848
Forward: -0.950912, -0.309017, -0.0165981
Right: 0.0174523, 4.65661e-10, -0.999848
Forward: -0.950912, -0.309017, -0.0165981
Right: 0.0174523, 4.65661e-10, -0.999848
Forward: -0.950912, -0.309017, -0.0165981
Right: 0.0174523, 4.65661e-10, -0.999848
Forward: -0.950912, -0.309017, -0.0165981
Right: 0.0174523, 4.65661e-10, -0.999848
Forward: -0.950912, -0.309017, -0.0165981
Right: 0.0174523, 4.65661e-10, -0.999848
Forward: -0.950912, -0.309017, -0.0165981
Right: 0.0174523, 4.65661e-10, -0.999848
Forward: -0.950912, -0.309017, -0.0165981
Right: 0.0174523, 4.65661e-10, -0.999848
Forward: -0.950912, -0.309017, -0.0165981
Forward: -0.950912, -0.309017, -0.0165981
Forward: -0.950912, -0.309017, -0.0165981
Forward: -0.950912, -0.309017, -0.0165981
Forward: -0.950912, -0.309017, -0.0165981
Forward: -0.950912, -0.309017, -0.0165981
Forward: -0.950912, -0.309017, -0.0165981
Forward: -0.950912, -0.309017, -0.0165981
Forward: -0.950912, -0.309017, -0.0165981
Forward: -0.950912, -0.309017, -0.0165981
Forward: -0.950912, -0.309017, -0.0165981
Forward: -0.950912, -0.309017, -0.0165981
Forward: -0.950912, -0.309017, -0.0165981
Forward: -0.950912, -0.309017, -0.0165981
Forward: -0.950912, -0.309017, -0.0165981
Forward: -0.950912, -0.309017, -0.0165981
Forward: -0.950912, -0.309017, -0.0165981
Forward: -0.950912, -0.309017, -0.0165981
Forward: -0.950912, -0.309017, -0.0165981
Forward: -0.950912, -0.309017, -0.0165981
Forward: -0.950912, -0.309017, -0.0165981
Forward: -0.950912, -0.309017, -0.0165981
Forward: -0.950912, -0.309017, -0.0165981
Forward: -0.950912, -0.309017, -0.0165981
Forward: -0.950912, -0.309017, -0.0165981
Forward: -0.950912, -0.309017, -0.0165981
Forward: -0.950912, -0.309017, -0.0165981
Forward: -0.950912, -0.309017, -0.0165981
Forward: -0.950912, -0.309017, -0.0165981
Forward: -0.950912, -0.309017, -0.0165981
Forward: -0.950912, -0.309017, -0.0165981
Forward: -0.950912, -0.309017, -0.0165981
Forward: -0.950912, -0.309017, -0.0165981
Forward: -0.950912, -0.309017, -0.0165981
Forward: -0.950912, -0.309017, -0.0165981
Forward: -0.950912, -0.309017, -0.0165981
Forward: -0.950912, -0.309017, -0.0165981
Forward: -0.950912, -0.309017, -0.0165981
Forward: -0.950912, -0.309017, -0.0165981
Forward: -0.950912, -0.309017, -0.0165981
Forward: -0.950912, -0.309017, -0.0165981
Forward: -0.950912, -0.309017, -0.0165981
Forward: -0.950912, -0.309017, -0.0165981
Forward: -0.950912, -0.309017, -0.0165981
Forward: -0.950912, -0.309017, -0.0165981
Forward: -0.950912, -0.309017, -0.0165981
Forward: -0.950912, -0.309017, -0.0165981
Forward: -0.950912, -0.309017, -0.0165981
Forward: -0.950912, -0.309017, -0.0165981
Forward: -0.950912, -0.309017, -0.0165981
Forward: -0.950912, -0.309017, -0.0165981
Forward: -0.950912, -0.309017, -0.0165981
Forward: -0.950912, -0.309017, -0.0165981
Forward: -0.950912, -0.309017, -0.0165981
Forward: -0.93955, -0.34202, -0.0163998
Forward: -0.93955, -0.34202, -0.0163998
Forward: -0.933438, -0.358368, -0.0162931
Forward: -0.927043, -0.374607, -0.0161815
Forward: -0.920365, -0.390731, -0.0160649
Forward: -0.90617, -0.422618, -0.0158172
Forward: -0.891007, -0.45399, -1.06251e-08
Forward: -0.882813, -0.469472, 0.0154095
Forward: -0.874487, -0.48481, 0.0152641
Forward: -0.874487, -0.48481, 0.0152641
Forward: -0.865893, -0.5, 0.0151141
Forward: -0.865893, -0.5, 0.0151141
Forward: -0.865893, -0.5, 0.0151141
Forward: -0.865893, -0.5, 0.0151141
Forward: -0.865893, -0.5, 0.0151141
Forward: -0.865893, -0.5, 0.0151141
Forward: -0.865893, -0.5, 0.0151141
Forward: -0.857037, -0.515038, 0.0149595
Forward: -0.857037, -0.515038, 0.0149595
Forward: -0.857037, -0.515038, 0.0149595
Forward: -0.857037, -0.515038, 0.0149595
Forward: -0.857037, -0.515038, 0.0149595
Forward: -0.857167, -0.515038, -1.02216e-08
Forward: -0.857037, -0.515038, -0.0149596
Forward: -0.855079, -0.515038, -0.0597931
Forward: -0.850778, -0.515038, -0.104462
Forward: -0.844145, -0.515038, -0.148846
Forward: -0.831706, -0.515038, -0.207368
Forward: -0.810468, -0.515038, -0.279066
Forward: -0.794752, -0.515038, -0.3211
Forward: -0.783061, -0.515038, -0.348641
Forward: -0.770417, -0.515038, -0.375757
Forward: -0.756834, -0.515038, -0.402416
Forward: -0.749695, -0.515038, -0.415563
Forward: -0.749695, -0.515038, -0.415563
Forward: -0.742329, -0.515038, -0.428584
Forward: -0.742329, -0.515038, -0.428584
Forward: -0.742329, -0.515038, -0.428584
Forward: -0.734736, -0.515038, -0.441474
Forward: -0.734736, -0.515038, -0.441474
Forward: -0.734736, -0.515038, -0.441474
Forward: -0.726919, -0.515038, -0.45423
Forward: -0.726919, -0.515038, -0.45423
Forward: -0.748782, -0.469472, -0.467891
Forward: -0.770417, -0.438371, -0.462913
Forward: -0.770417, -0.438371, -0.462913
Forward: -0.770417, -0.438371, -0.462913
Forward: -0.770417, -0.438371, -0.462913
Forward: -0.770417, -0.438371, -0.462913
Forward: -0.770417, -0.438371, -0.462913
Forward: -0.770417, -0.438371, -0.462913
Forward: -0.770417, -0.438371, -0.462913
Forward: -0.770417, -0.438371, -0.462913
Forward: -0.770417, -0.438371, -0.462913
Forward: -0.770417, -0.438371, -0.462913
Forward: -0.770417, -0.438371, -0.462913
Forward: -0.770417, -0.438371, -0.462913
Forward: -0.770417, -0.438371, -0.462913
Forward: -0.770417, -0.438371, -0.462913
Forward: -0.770417, -0.438371, -0.462913
Forward: -0.770417, -0.438371, -0.462913
Forward: -0.770417, -0.438371, -0.462913
Forward: -0.778379, -0.438371, -0.449397
Forward: -0.770417, -0.438371, -0.462913
Forward: -0.753792, -0.438371, -0.489518
Forward: -0.736249, -0.438371, -0.515527
Forward: -0.717809, -0.438371, -0.540908
Forward: -0.708259, -0.438371, -0.553353
Forward: -0.698494, -0.438371, -0.565629
Forward: -0.688516, -0.438371, -0.577734
Forward: -0.667934, -0.438371, -0.601411
Forward: -0.646538, -0.438371, -0.624355
Forward: -0.624355, -0.438371, -0.646538
Forward: -0.601411, -0.438371, -0.667934
Forward: -0.589662, -0.438371, -0.678328
Forward: -0.56563, -0.438371, -0.698494
Forward: -0.553353, -0.438371, -0.708259
Forward: -0.540908, -0.438371, -0.717809
Forward: -0.540908, -0.438371, -0.717809
Forward: -0.528298, -0.438371, -0.72714
Forward: -0.528298, -0.438371, -0.72714
Forward: -0.515527, -0.438371, -0.736249
Forward: -0.515527, -0.438371, -0.736249
Forward: -0.515527, -0.438371, -0.736249
Forward: -0.515527, -0.438371, -0.736249
Forward: -0.502599, -0.438371, -0.745134
Forward: -0.502599, -0.438371, -0.745134
Forward: -0.502599, -0.438371, -0.745134
Forward: -0.489518, -0.438371, -0.753792
Forward: -0.489518, -0.438371, -0.753792
Forward: -0.476288, -0.438371, -0.762221
Forward: -0.476288, -0.438371, -0.762221
Forward: -0.476288, -0.438371, -0.762221
Forward: -0.476288, -0.438371, -0.762221
Forward: -0.476288, -0.438371, -0.762221
Forward: -0.476288, -0.438371, -0.762221
Forward: -0.476288, -0.438371, -0.762221
Forward: -0.476288, -0.438371, -0.762221
Forward: -0.476288, -0.438371, -0.762221
Forward: -0.476288, -0.438371, -0.762221
Forward: -0.476288, -0.438371, -0.762221
Forward: -0.476288, -0.438371, -0.762221
Forward: -0.476288, -0.438371, -0.762221
Forward: -0.462913, -0.438371, -0.770417
Forward: -0.462913, -0.438371, -0.770417
Forward: -0.449397, -0.438371, -0.778378
Forward: -0.449397, -0.438371, -0.778378
Forward: -0.449397, -0.438371, -0.778378
Forward: -0.449397, -0.438371, -0.778378
Forward: -0.449397, -0.438371, -0.778378
Forward: -0.449397, -0.438371, -0.778378
Forward: -0.449397, -0.438371, -0.778378
Forward: -0.449397, -0.438371, -0.778378
Forward: -0.449397, -0.438371, -0.778378
Forward: -0.449397, -0.438371, -0.778378
Forward: -0.449397, -0.438371, -0.778378
Forward: -0.449397, -0.438371, -0.778378
Forward: -0.449397, -0.438371, -0.778378
Forward: -0.449397, -0.438371, -0.778378
Forward: -0.449397, -0.438371, -0.778378
Forward: -0.449397, -0.438371, -0.778378
Forward: -0.449397, -0.438371, -0.778378
Forward: -0.449397, -0.438371, -0.778378
Forward: -0.449397, -0.438371, -0.778378
Forward: -0.449397, -0.438371, -0.778378
Forward: -0.449397, -0.438371, -0.778378
Forward: -0.449397, -0.438371, -0.778378
Forward: -0.449397, -0.438371, -0.778378
Forward: -0.449397, -0.438371, -0.778378
Forward: -0.449397, -0.438371, -0.778378
Forward: -0.449397, -0.438371, -0.778378
Forward: -0.449397, -0.438371, -0.778378
Forward: -0.449397, -0.438371, -0.778378
Forward: -0.449397, -0.438371, -0.778378
Forward: -0.449397, -0.438371, -0.778378
Forward: -0.449397, -0.438371, -0.778378
Forward: -0.449397, -0.438371, -0.778378
Forward: -0.449397, -0.438371, -0.778378
Forward: -0.449397, -0.438371, -0.778378
Forward: -0.453154, -0.422618, -0.784885
Forward: -0.453154, -0.422618, -0.784885
Forward: -0.453154, -0.422618, -0.784885
Forward: -0.453154, -0.422618, -0.784885
Forward: -0.453154, -0.422618, -0.784885
Forward: -0.466783, -0.422618, -0.776857
Forward: -0.466783, -0.422618, -0.776857
Forward: -0.484105, -0.406737, -0.774731
Forward: -0.497552, -0.406737, -0.766164
Forward: -0.510848, -0.406737, -0.757363
Forward: -0.523988, -0.406737, -0.748333
Forward: -0.536969, -0.406737, -0.739074
Forward: -0.549785, -0.406737, -0.72959
Forward: -0.562435, -0.406737, -0.719884
Forward: -0.587216, -0.406737, -0.699816
Forward: -0.611281, -0.406737, -0.678897
Forward: -0.623036, -0.406737, -0.668125
Forward: -0.645974, -0.406737, -0.645974
Forward: -0.65715, -0.406737, -0.634602
Forward: -0.65715, -0.406737, -0.634602
Forward: -0.65715, -0.406737, -0.634602
Forward: -0.65715, -0.406737, -0.634602
Forward: -0.668125, -0.406737, -0.623037
Forward: -0.668125, -0.406737, -0.623037
Forward: -0.678897, -0.406737, -0.611281
Forward: -0.678897, -0.406737, -0.611281
Forward: -0.689462, -0.406737, -0.59934
Forward: -0.689462, -0.406737, -0.59934
Forward: -0.699817, -0.406737, -0.587216
Forward: -0.709958, -0.406737, -0.574913
Forward: -0.72959, -0.406737, -0.549785
Forward: -0.748333, -0.406737, -0.523988
Forward: -0.77473, -0.406737, -0.484105
Forward: -0.813975, -0.406737, -0.414741
Forward: -0.852868, -0.406737, -0.327385
Forward: -0.882417, -0.406737, -0.236443
Forward: -0.902298, -0.406737, -0.14291
Forward: -0.912989, -0.406737, -0.0318821
Forward: -0.906736, -0.406737, 0.111333
Forward: -0.882417, -0.406737, 0.236443
Forward: -0.840923, -0.406737, 0.356951
Forward: -0.77473, -0.406737, 0.484105
Forward: -0.699817, -0.406737, 0.587216
Forward: -0.611281, -0.406737, 0.678897
Forward: -0.497552, -0.406737, 0.766164
Forward: -0.386081, -0.406737, 0.827953
Forward: -0.267095, -0.406737, 0.873628
Forward: -0.174313, -0.406737, 0.896761
Forward: -0.111333, -0.406737, 0.906736
Forward: -0.0796208, -0.406737, 0.910069
Forward: -0.0796208, -0.406737, 0.910069
Forward: -0.0796208, -0.406737, 0.910069
Forward: -0.0796208, -0.406737, 0.910069
Forward: -0.0796208, -0.406737, 0.910069
Forward: -0.0796208, -0.406737, 0.910069
Forward: -0.0796208, -0.406737, 0.910069
Forward: -0.0796208, -0.406737, 0.910069
Forward: -0.0796208, -0.406737, 0.910069
Forward: -0.0796208, -0.406737, 0.910069
Forward: -0.0796208, -0.406737, 0.910069
Forward: -0.0796208, -0.406737, 0.910069
Forward: -0.0796208, -0.406737, 0.910069
Forward: -0.0796208, -0.406737, 0.910069
Forward: -0.0796208, -0.406737, 0.910069
Forward: -0.0796208, -0.406737, 0.910069
Forward: -0.0796208, -0.406737, 0.910069
Forward: -0.0796208, -0.406737, 0.910069
Forward: -0.0796208, -0.406737, 0.910069
Forward: -0.0796208, -0.406737, 0.910069
Forward: -0.0796208, -0.406737, 0.910069
Forward: -0.0796208, -0.406737, 0.910069
Forward: -0.0796208, -0.406737, 0.910069
Forward: -0.0796208, -0.406737, 0.910069
Forward: -0.0796208, -0.406737, 0.910069
Forward: -0.0796208, -0.406737, 0.910069
Forward: -0.0637256, -0.406737, 0.91132
Forward: -0.0637256, -0.406737, 0.91132
Forward: -0.0637256, -0.406737, 0.91132
Forward: -0.0637256, -0.406737, 0.91132
Forward: -0.0637256, -0.406737, 0.91132
Forward: -0.0637256, -0.406737, 0.91132
Forward: -0.0637256, -0.406737, 0.91132
Forward: -0.0637256, -0.406737, 0.91132
Forward: -0.0637256, -0.406737, 0.91132
Forward: -0.0637256, -0.406737, 0.91132
Forward: -0.0637256, -0.406737, 0.91132
Forward: -0.0637256, -0.406737, 0.91132
Forward: -0.0637256, -0.406737, 0.91132
Forward: -0.0637256, -0.406737, 0.91132
Forward: -0.0637256, -0.406737, 0.91132
Forward: -0.0637256, -0.406737, 0.91132
Forward: -0.0637256, -0.406737, 0.91132
Forward: -0.0637256, -0.406737, 0.91132
Forward: -0.0637256, -0.406737, 0.91132
Forward: -0.0637256, -0.406737, 0.91132
Forward: -0.0637256, -0.406737, 0.91132
Forward: -0.0637256, -0.406737, 0.91132
Forward: -0.0637256, -0.406737, 0.91132
Forward: -0.0637256, -0.406737, 0.91132
Forward: -0.0796208, -0.406737, 0.910069
Forward: -0.0796208, -0.406737, 0.910069
Forward: -0.0796208, -0.406737, 0.910069
Forward: -0.0796208, -0.406737, 0.910069
Forward: -0.0796208, -0.406737, 0.910069
Forward: -0.0796208, -0.406737, 0.910069
Forward: -0.0796208, -0.406737, 0.910069
Forward: -0.0796208, -0.406737, 0.910069
Forward: -0.0796208, -0.406737, 0.910069
Forward: -0.0796208, -0.406737, 0.910069
